     0.0  0.00000
     0.5  0.00785
     0.9  0.01571
     1.4  0.02356
     1.8  0.03141
     2.2  0.03926
     2.7  0.04711
     3.2  0.05495
     3.6  0.06279
     4.1  0.07063
     4.5  0.07846
     4.9  0.08629
     5.4  0.09411
     5.9  0.10192
     6.3  0.10973
     6.8  0.11754
     7.2  0.12533
     7.7  0.13312
     8.1  0.14090
     8.5  0.14867
     9.0  0.15643
     9.5  0.16419
     9.9  0.17193
    10.3  0.17966
    10.8  0.18738
    11.2  0.19509
    11.7  0.20279
    12.1  0.21047
    12.6  0.21814
    13.1  0.22580
    13.5  0.23345
    13.9  0.24108
    14.4  0.24869
    14.9  0.25629
    15.3  0.26387
    15.8  0.27144
    16.2  0.27899
    16.7  0.28652
    17.1  0.29404
    17.6  0.30154
    18.0  0.30902
    18.4  0.31648
    18.9  0.32392
    19.3  0.33134
    19.8  0.33874
    20.2  0.34612
    20.7  0.35347
    21.1  0.36081
    21.6  0.36812
    22.1  0.37542
    22.5  0.38268
    22.9  0.38993
    23.4  0.39715
    23.9  0.40434
    24.3  0.41151
    24.8  0.41866
    25.2  0.42578
    25.6  0.43287
    26.1  0.43994
    26.5  0.44698
    27.0  0.45399
    27.4  0.46097
    27.9  0.46793
    28.4  0.47486
    28.8  0.48175
    29.2  0.48862
    29.7  0.49546
    30.2  0.50227
    30.6  0.50904
    31.1  0.51579
    31.5  0.52250
    32.0  0.52918
    32.4  0.53583
    32.9  0.54244
    33.3  0.54902
    33.8  0.55557
    34.2  0.56208
    34.6  0.56856
    35.1  0.57501
    35.6  0.58141
    36.0  0.58779
    36.4  0.59412
    36.9  0.60042
    37.4  0.60668
    37.8  0.61291
    38.2  0.61909
    38.7  0.62524
    39.1  0.63135
    39.6  0.63742
    40.1  0.64346
    40.5  0.64945
    40.9  0.65540
    41.4  0.66131
    41.9  0.66718
    42.3  0.67301
    42.8  0.67880
    43.2  0.68455
    43.6  0.69025
    44.1  0.69591
    44.6  0.70153
    45.0  0.70711
